Global frequency set at 1000000000000 ticks per second
1016 
3642 
3746 
3253 
1020 
1265 
824 
2080 
4036 
1451 
2762 
4003 
2621 
1352 
3262 
2520 
322 
1565 
1356 
1325 
2716 
3502 
700 
3141 
107 
728 
679 
2982 
2890 
1366 
2081 
3969 
1157 
1197 
263 
3346 
2267 
2858 
3962 
1041 
1092 
1034 
2620 
481 
1998 
825 
409 
1145 
2417 
794 
2304 
626 
2076 
212 
3920 
556 
1804 
1382 
3855 
1590 
3782 
2456 
2288 
1014 
1275 
1420 
2342 
1114 
1196 
667 
2857 
1444 
3773 
2016 
796 
2034 
2743 
1701 
119 
3119 
147 
24 
4034 
3318 
3660 
1787 
1181 
2416 
1295 
2623 
2884 
2742 
3452 
1091 
2704 
2921 
417 
1873 
353 
115 
2102 
331 
2953 
2668 
2791 
413 
480 
3907 
3680 
3876 
3985 
2839 
2127 
2312 
652 
3635 
3531 
146 
2830 
793 
2006 
1498 
1827 
3290 
3830 
2062 
3190 
3993 
2944 
1697 
2523 
3699 
3216 
4077 
3045 
3781 
3436 
1584 
1700 
29 
319 
3423 
3585 
1342 
3373 
267 
1495 
1606 
2828 
2854 
165 
218 
2263 
3960 
2908 
2879 
3085 
3319 
425 
3851 
154 
2107 
350 
1329 
2299 
2640 
1032 
3219 
3014 
991 
4027 
1405 
2431 
1829 
3977 
2726 
2913 
1370 
630 
135 
393 
2345 
1462 
3453 
1725 
3121 
3017 
498 
2322 
2525 
661 
1253 
1324 
3002 
2661 
3945 
3471 
1778 
386 
87 
2112 
2939 
3975 
153 
3667 
2793 
1583 
3926 
18 
2276 
277 
494 
2950 
500 
2192 
2384 
2252 
293 
3934 
1748 
361 
1794 
1629 
2088 
3381 
2826 
2408 
3172 
465 
726 
3168 
296 
3239 
3198 
1951 
1934 
1140 
3880 
3043 
3370 
1893 
2974 
1617 
878 
2109 
456 
3368 
424 
1347 
76 
940 
43 
2687 
3380 
2437 
3118 
344 
2280 
101 
2741 
845 
3064 
3208 
1086 
1376 
4053 
1176 
2311 
619 
2103 
880 
1083 
3940 
2822 
2753 
3601 
1148 
2976 
807 
3384 
1218 
3171 
522 
2511 
3461 
1478 
925 
4070 
3732 
3554 
613 
2594 
2631 
3783 
958 
1380 
702 
1028 
1740 
343 
1953 
4031 
673 
2772 
1599 
1307 
1400 
3905 
1959 
705 
2197 
1331 
2018 
450 
51 
2541 
2317 
26 
899 
220 
3943 
1263 
1449 
3140 
3307 
2284 
4080 
2104 
2954 
1226 
3649 
685 
1127 
1384 
3421 
1541 
1627 
3222 
3613 
1840 
412 
291 
443 
2464 
657 
2496 
4042 
832 
580 
2015 
3015 
1128 
2001 
1667 
2033 
987 
2277 
2110 
360 
3094 
823 
2509 
3582 
1177 
3202 
204 
3839 
2669 
2093 
3276 
3466 
1716 
2291 
1206 
2877 
3134 
1053 
1488 
247 
451 
2010 
1336 
355 
516 
1158 
1883 
1258 
2245 
912 
1473 
2929 
2521 
638 
2685 
3416 
4043 
4078 
2182 
3676 
470 
2803 
3049 
3235 
41 
257 
2655 
3227 
3360 
636 
3927 
345 
2051 
812 
1733 
3887 
1159 
3251 
3272 
1882 
2021 
3300 
951 
3186 
1063 
221 
283 
1980 
2920 
1085 
1068 
804 
3105 
1362 
1978 
2724 
806 
3401 
694 
937 
873 
3605 
479 
3778 
3696 
175 
167 
1464 
2269 
3768 
2827 
79 
3738 
1569 
2048 
1386 
3901 
3023 
2205 
3600 
3906 
1023 
720 
1634 
2491 
3867 
1547 
47 
763 
2149 
592 
371 
1944 
1002 
3808 
2512 
255 
3971 
27 
3827 
2258 
1470 
2087 
3258 
3382 
3393 
1567 
1223 
2058 
746 
1340 
2766 
422 
754 
1642 
3512 
1428 
2242 
1201 
3742 
3697 
550 
3010 
1898 
198 
1360 
3891 
2170 
2730 
1399 
525 
3160 
2105 
3758 
693 
1216 
3151 
601 
1310 
722 
4085 
4068 
1651 
2550 
3247 
956 
122 
3407 
178 
3267 
1282 
2909 
898 
1073 
2344 
2196 
2946 
816 
129 
1739 
1232 
126 
1135 
367 
2387 
1662 
620 
781 
306 
2934 
2926 
1033 
2063 
3333 
1655 
1401 
2810 
3959 
2969 
2237 
3089 
797 
2670 
3347 
1690 
170 
2601 
2684 
2175 
3388 
3027 
1618 
3051 
2231 
67 
2106 
373 
3441 
3723 
3840 
2785 
600 
799 
2236 
3989 
575 
2616 
1487 
3519 
3628 
2885 
2644 
1262 
3970 
1919 
1781 
2776 
2536 
2737 
2351 
2136 
2239 
3095 
2201 
179 
1609 
1796 
2646 
3225 
3552 
3427 
2467 
764 
809 
2578 
2210 
3950 
1828 
1036 
2937 
2221 
3473 
366 
3268 
3560 
3446 
258 
68 
2956 
2622 
3325 
2717 
1450 
945 
3075 
2609 
133 
2449 
3694 
2146 
3250 
116 
1234 
3769 
200 
1425 
683 
3390 
1530 
906 
769 
2833 
2663 
2347 
2547 
1720 
915 
1920 
1925 
3700 
1037 
1632 
458 
3548 
2005 
1200 
125 
2948 
944 
3811 
1774 
2024 
2508 
3048 
2207 
593 
225 
2639 
1390 
723 
1742 
2732 
2804 
4000 
1806 
1692 
1861 
563 
3305 
3854 
714 
3287 
2590 
19 
598 
3449 
1207 
3477 
4021 
2904 
1824 
3937 
1753 
3129 
2871 
933 
3963 
3379 
4046 
3378 
665 
1443 
3611 
2563 
2257 
929 
1006 
1923 
1719 
4022 
295 
183 
1439 
1261 
3983 
1790 
3273 
1715 
3492 
3712 
862 
234 
1018 
3340 
1914 
205 
1869 
1183 
1099 
3766 
994 
3162 
46 
2278 
820 
3243 
2250 
1152 
517 
3616 
1172 
565 
536 
2246 
1542 
3555 
2800 
2388 
3924 
2092 
2367 
2628 
882 
2379 
1112 
2330 
3565 
2422 
1505 
2808 
2458 
2506 
2731 
2012 
2189 
3777 
890 
1961 
1871 
2951 
202 
461 
2343 
1212 
2228 
1480 
2369 
4072 
3860 
1202 
3188 
3801 
2164 
3209 
2763 
3506 
230 
496 
1610 
2505 
942 
4075 
1842 
1511 
3903 
655 
1648 
2190 
1052 
2756 
3420 
4052 
681 
1783 
1357 
1917 
850 
3762 
2887 
1736 
621 
1987 
3638 
485 
963 
1788 
901 
1945 
1459 
2386 
3242 
3664 
1305 
558 
3976 
2642 
3615 
995 
2600 
1895 
2715 
821 
1598 
1706 
3932 
410 
318 
2709 
3495 
739 
249 
3175 
2599 
226 
3641 
1160 
3117 
1210 
1862 
1452 
2413 
1752 
271 
3460 
1445 
1522 
1438 
2129 
1278 
3852 
2095 
1 
1682 
1722 
755 
3211 
2036 
830 
4001 
2635 
1534 
1573 
2922 
3104 
1057 
2181 
2027 
3835 
3928 
2434 
886 
273 
2734 
2652 
1383 
1453 
3684 
44 
697 
2572 
2749 
1789 
381 
3448 
3241 
2171 
2290 
1886 
429 
3871 
3037 
1446 
2783 
2629 
256 
2261 
868 
3054 
4071 
469 
1215 
3488 
3166 
449 
3106 
2658 
646 
1926 
2025 
2782 
938 
614 
1469 
3296 
703 
2755 
1954 
2979 
3838 
1260 
1685 
3032 
370 
1093 
624 
1118 
907 
2604 
3607 
2692 
6 
3005 
1745 
2000 
158 
3799 
3329 
1078 
1969 
4091 
3885 
442 
434 
1671 
3408 
111 
2518 
2137 
982 
2531 
139 
3419 
1048 
3572 
96 
1880 
3450 
2289 
1670 
3522 
3200 
4004 
2395 
921 
502 
3170 
1965 
2334 
2183 
2415 
743 
586 
3889 
2735 
573 
199 
282 
861 
3793 
4030 
2215 
660 
547 
814 
2571 
3652 
918 
201 
2740 
3464 
2673 
670 
1710 
3668 
1126 
3193 
2901 
774 
194 
856 
1244 
2013 
2657 
3079 
3653 
605 
376 
2796 
3159 
2728 
39 
3921 
1576 
844 
3546 
1696 
3424 
1675 
1015 
30 
1903 
321 
3625 
1191 
180 
1318 
2271 
3739 
3574 
1554 
1728 
2052 
4006 
1044 
241 
966 
325 
254 
3111 
941 
3224 
1025 
2906 
1709 
1323 
2097 
3562 
3077 
3108 
2587 
3042 
3299 
301 
1199 
3479 
2281 
312 
989 
1061 
3834 
1454 
3825 
1003 
3862 
2965 
3575 
817 
145 
2945 
3184 
1856 
23 
2591 
1625 
3237 
2799 
3706 
2398 
1180 
390 
3433 
3438 
917 
1518 
2619 
1520 
3128 
4039 
206 
574 
2777 
2712 
846 
1379 
3470 
526 
2493 
1250 
2981 
3948 
1672 
3866 
5 
2419 
2283 
1098 
2300 
3289 
2711 
3313 
3232 
3254 
1652 
114 
3955 
2209 
1603 
2942 
2841 
3923 
2548 
2589 
2533 
1656 
902 
1611 
2455 
760 
10 
3754 
2723 
1968 
2975 
2462 
3875 
1242 
4050 
2233 
2154 
1654 
3482 
493 
3537 
3820 
1727 
364 
33 
25 
2693 
2633 
888 
1220 
3059 
1189 
897 
533 
1139 
1274 
186 
3823 
1348 
2566 
3908 
2894 
716 
1703 
3304 
3338 
981 
3413 
1949 
3779 
1608 
2098 
384 
3761 
1776 
3428 
106 
709 
392 
3930 
1406 
2336 
1604 
342 
1936 
1184 
1389 
2892 
2637 
4002 
3196 
1814 
1596 
1442 
3929 
3662 
1166 
591 
2306 
426 
551 
1921 
148 
2125 
610 
4017 
3892 
773 
2382 
1810 
3234 
895 
3457 
2354 
3327 
3041 
1209 
1661 
3359 
2662 
3332 
2905 
1198 
2061 
404 
858 
3719 
3025 
3564 
590 
761 
3376 
1051 
3756 
2090 
1931 
1351 
3837 
2316 
1071 
623 
3620 
836 
2247 
1465 
1689 
1341 
668 
2120 
2050 
3578 
548 
973 
3787 
3062 
715 
2350 
3348 
4060 
1171 
1545 
1726 
865 
3411 
1043 
2085 
2768 
3404 
3288 
2285 
1647 
3215 
3447 
1267 
250 
2485 
3651 
3144 
1245 
3525 
1230 
1503 
3557 
1179 
3833 
2323 
406 
347 
3881 
3149 
2331 
2115 
1676 
2361 
3350 
1423 
1741 
1046 
3726 
2003 
2886 
571 
3139 
1533 
1224 
3604 
905 
452 
181 
1456 
2468 
1918 
1833 
3145 
1378 
576 
3655 
1887 
3744 
3367 
1344 
1182 
2696 
1845 
544 
240 
1507 
303 
391 
3803 
2305 
874 
2845 
2198 
742 
1857 
3599 
1922 
3518 
3503 
159 
464 
1147 
2738 
2744 
732 
2121 
2647 
1239 
3283 
1994 
2561 
352 
189 
3259 
1660 
324 
4064 
2713 
968 
741 
2603 
737 
2365 
3682 
196 
622 
402 
286 
3067 
1820 
2835 
2275 
1415 
745 
2380 
2454 
1312 
3547 
2341 
999 
3614 
3714 
419 
3071 
1839 
3361 
3734 
3131 
1007 
1815 
1568 
618 
1237 
3716 
1985 
3279 
1802 
2266 
789 
2229 
2805 
1269 
2118 
2721 
437 
674 
197 
17 
2390 
359 
3356 
2932 
750 
1819 
2916 
1021 
3500 
1504 
2477 
1800 
4090 
3252 
3724 
2627 
166 
2592 
1888 
778 
272 
289 
1229 
1227 
1735 
3619 
3861 
528 
699 
4049 
758 
3468 
964 
3882 
1535 
1897 
92 
2187 
3579 
3633 
2463 
627 
378 
639 
2479 
1929 
959 
629 
1319 
2295 
2596 
1996 
1009 
513 
3019 
2943 
2780 
3845 
3540 
2552 
2789 
3295 
21 
719 
3440 
2328 
1217 
756 
246 
1770 
1784 
3541 
1956 
559 
2997 
3918 
80 
1292 
1141 
3354 
3204 
1149 
315 
1645 
2727 
2987 
851 
3246 
1106 
2446 
138 
2549 
717 
923 
330 
2324 
2949 
2559 
314 
1852 
3426 
2764 
3973 
1838 
3018 
389 
628 
3182 
1680 
2116 
2218 
2602 
3451 
3445 
224 
1029 
1557 
2672 
1410 
3491 
3805 
11 
539 
1688 
3148 
405 
2212 
2372 
4007 
398 
3344 
961 
4035 
3021 
2872 
3324 
606 
2855 
1946 
1294 
2535 
399 
612 
1939 
1088 
1228 
2418 
3566 
192 
2585 
3161 
3645 
1930 
279 
264 
3909 
738 
4084 
3902 
3722 
472 
2955 
259 
3474 
2394 
2180 
3913 
4040 
3688 
1795 
2 
1669 
1668 
1811 
1039 
2142 
243 
3185 
3654 
2674 
1335 
2053 
827 
984 
1011 
1963 
3458 
3392 
1276 
1638 
3371 
2046 
1354 
2465 
3720 
2812 
1928 
3870 
269 
1892 
3999 
708 
3780 
3044 
1983 
2638 
2537 
2769 
3656 
2376 
3508 
3751 
534 
2988 
1391 
3069 
69 
1769 
1751 
2840 
2823 
3351 
2133 
172 
2404 
4073 
3872 
3865 
1515 
3086 
2453 
435 
748 
2082 
2917 
3709 
298 
2320 
3113 
1908 
718 
871 
770 
4063 
1957 
2802 
2996 
1916 
3418 
1657 
3933 
2248 
930 
1125 
1687 
3406 
3263 
1791 
231 
543 
2414 
1339 
2681 
3245 
2223 
2364 
663 
2492 
1144 
477 
1133 
3070 
645 
2659 
1313 
236 
2472 
949 
1528 
3402 
1017 
233 
1743 
2958 
16 
209 
2070 
3646 
1186 
2114 
1635 
1101 
466 
2405 
1512 
2251 
1738 
1268 
1418 
3819 
2834 
3472 
0 
2595 
2303 
1813 
3256 
1398 
771 
1104 
2968 
3563 
3040 
251 
1563 
2837 
3595 
2222 
3894 
3096 
357 
767 
134 
118 
4094 
457 
1361 
2194 
105 
3879 
2895 
546 
2569 
60 
431 
1684 
510 
2545 
2816 
2517 
1500 
1868 
3509 
3571 
1805 
843 
1213 
1830 
3364 
4088 
3639 
2699 
1448 
3055 
2069 
222 
1665 
3942 
532 
2441 
587 
828 
3690 
1173 
2436 
3587 
768 
986 
3097 
1327 
4032 
1458 
3029 
2551 
2555 
2264 
2287 
3266 
1940 
1472 
3238 
1271 
3516 
3154 
2607 
1001 
36 
3212 
3598 
1047 
1247 
3456 
3462 
2156 
3997 
1121 
2484 
3826 
1066 
3176 
1419 
2746 
3399 
253 
2293 
2400 
4079 
916 
2754 
82 
2682 
1995 
2694 
1694 
2504 
1168 
1102 
484 
3910 
727 
839 
388 
1422 
4054 
2065 
1492 
1575 
4086 
1471 
2473 
3339 
1731 
2747 
2349 
1746 
3899 
160 
2301 
3013 
1082 
3137 
651 
3996 
3935 
2598 
904 
588 
3291 
2185 
1836 
1403 
1322 
1755 
1749 
2421 
2703 
3454 
3665 
3167 
1653 
3545 
3417 
2191 
3964 
859 
2605 
351 
1593 
3590 
3602 
900 
3000 
40 
3396 
537 
3031 
2774 
791 
1622 
4011 
1060 
3794 
1633 
2002 
3311 
2522 
276 
1894 
3394 
2815 
382 
1095 
635 
365 
2930 
3072 
2327 
3681 
2671 
3895 
2898 
2487 
463 
2099 
66 
2206 
3124 
1552 
3523 
1164 
641 
2224 
2608 
2925 
2564 
1123 
34 
1065 
3490 
1499 
2733 
2722 
3264 
91 
939 
752 
227 
2314 
2807 
595 
58 
1479 
3459 
3800 
1693 
1107 
2700 
3011 
3020 
1559 
3066 
348 
1373 
2775 
439 
4014 
4081 
2412 
2778 
711 
751 
1298 
808 
1306 
1955 
1979 
1587 
3517 
1644 
3375 
3226 
2617 
4061 
2119 
2645 
567 
1019 
2765 
1517 
650 
3194 
3843 
2751 
98 
680 
3703 
948 
2882 
3342 
2897 
1395 
3567 
3260 
2358 
1773 
1607 
2524 
1205 
3644 
2256 
3974 
3187 
1062 
1863 
2708 
3886 
395 
2079 
810 
1238 
2308 
3377 
2584 
632 
2795 
3409 
2208 
1317 
2562 
2411 
42 
3302 
193 
2706 
863 
3842 
2814 
1116 
785 
1767 
656 
2794 
3707 
864 
2113 
557 
1646 
721 
1825 
3530 
3505 
952 
1077 
334 
8 
879 
311 
616 
1519 
3050 
3233 
733 
3818 
2144 
701 
3737 
919 
1134 
2428 
3683 
1328 
3765 
454 
2373 
1643 
2933 
2030 
1289 
4015 
323 
446 
104 
62 
2801 
1620 
2532 
2055 
2162 
1255 
261 
1544 
3047 
2045 
93 
1771 
2262 
3569 
151 
1414 
2100 
3153 
414 
2573 
1589 
2219 
1927 
782 
1912 
2123 
1823 
3510 
2634 
3046 
3374 
3101 
1859 
2298 
1483 
1876 
3217 
2527 
3919 
1721 
2847 
1744 
3521 
3074 
1782 
4069 
3869 
3539 
3673 
3439 
2784 
2184 
1570 
3207 
2502 
131 
305 
174 
2864 
1417 
2790 
672 
3689 
3612 
328 
1285 
1531 
1137 
611 
3632 
1129 
3809 
3483 
896 
3550 
1491 
3410 
184 
1904 
1345 
2279 
490 
354 
2014 
735 
81 
3863 
1993 
3747 
1030 
765 
356 
3130 
903 
3705 
2923 
74 
2771 
2438 
2077 
2817 
1759 
3936 
1038 
2174 
749 
3514 
1288 
1832 
2918 
838 
3814 
3164 
2356 
3736 
385 
1637 
482 
3836 
1967 
1013 
2695 
3430 
640 
1320 
3982 
1905 
3580 
2445 
2500 
2011 
1924 
1641 
2377 
3817 
2495 
3486 
217 
487 
2108 
1932 
891 
3524 
340 
2893 
302 
3774 
1358 
3494 
3776 
4041 
4059 
3309 
2824 
3911 
137 
707 
1860 
1321 
28 
171 
3507 
2163 
3389 
1280 
428 
2888 
4024 
327 
1988 
3740 
734 
3890 
3988 
2868 
3915 
3463 
686 
2450 
2940 
1683 
2614 
1884 
1161 
1311 
2399 
2553 
3986 
2507 
132 
2542 
4025 
1286 
3831 
837 
3617 
2032 
1194 
2150 
1847 
401 
834 
1369 
1681 
542 
1337 
164 
1551 
1150 
208 
2424 
229 
3558 
1640 
1297 
678 
1374 
3310 
2838 
4082 
1523 
1602 
150 
3795 
596 
2873 
499 
3624 
3068 
2972 
1851 
275 
3504 
377 
2856 
2612 
2101 
433 
4092 
3362 
3577 
117 
671 
644 
3261 
474 
2235 
2483 
3536 
168 
3947 
1433 
3478 
1548 
920 
1780 
3957 
2139 
4013 
3082 
1572 
2432 
219 
2439 
1441 
3301 
182 
1283 
3954 
2017 
1484 
2057 
3592 
4045 
2357 
2249 
3672 
2538 
3334 
659 
3195 
3967 
3623 
3098 
326 
608 
1303 
3355 
788 
2074 
2973 
1705 
3286 
3848 
848 
1556 
3661 
2779 
372 
795 
478 
1758 
3727 
980 
3534 
368 
2593 
2510 
503 
926 
3775 
2667 
1096 
1153 
553 
2054 
654 
2844 
3352 
554 
1798 
216 
3961 
1580 
3326 
4044 
2214 
1155 
278 
1426 
1257 
2964 
1540 
3179 
1143 
950 
2337 
3294 
1489 
3120 
1316 
109 
3897 
1233 
3083 
3303 
1170 
2427 
339 
978 
1853 
1885 
1601 
438 
3203 
3274 
974 
2038 
2718 
1747 
2433 
3968 
1493 
802 
1146 
1074 
3878 
3135 
1109 
1612 
120 
2759 
2679 
988 
3434 
744 
113 
2985 
4093 
64 
3802 
1600 
4057 
2941 
1163 
3092 
2501 
3192 
2860 
560 
2178 
3065 
3893 
1972 
3916 
3972 
2335 
1187 
2651 
1302 
3363 
3677 
4033 
2690 
292 
2862 
1707 
2831 
1175 
1630 
1219 
2035 
207 
2998 
2876 
1539 
1948 
1293 
2991 
2193 
55 
3850 
1592 
1436 
2068 
582 
867 
2451 
2402 
1558 
2353 
2959 
244 
3004 
2760 
1899 
3081 
568 
1266 
1203 
1756 
2851 
3114 
3551 
3335 
3174 
894 
666 
3397 
1513 
3755 
2440 
1807 
2056 
992 
2863 
1375 
495 
3785 
191 
860 
2042 
1772 
829 
2375 
1264 
2611 
2392 
3091 
3415 
4016 
801 
3693 
65 
1243 
2624 
3116 
100 
2861 
72 
2128 
2126 
947 
1350 
1526 
475 
854 
2714 
631 
1388 
3944 
3556 
819 
3033 
535 
1094 
1763 
1204 
71 
2852 
2583 
1702 
460 
3581 
792 
889 
784 
3900 
2089 
2961 
1870 
786 
1486 
2938 
2234 
2339 
3520 
3526 
1837 
3847 
489 
3806 
1304 
3057 
1069 
1178 
3270 
245 
2579 
403 
2159 
4028 
977 
818 
3123 
3896 
2806 
3026 
2407 
1291 
110 
1045 
740 
2177 
4074 
2811 
3952 
1974 
211 
1938 
1817 
1615 
1984 
2195 
523 
1841 
1427 
1737 
3752 
2091 
1402 
962 
1761 
2907 
2360 
2147 
2040 
2582 
1241 
2588 
3941 
1809 
1717 
3087 
3626 
2980 
3337 
1986 
2420 
2554 
2643 
3465 
3674 
2820 
1412 
2488 
49 
1431 
1296 
1613 
3757 
2869 
3385 
448 
383 
1822 
1553 
195 
287 
52 
140 
1561 
1757 
2220 
1581 
430 
1432 
3715 
1409 
1734 
3678 
3816 
581 
2680 
2073 
3016 
423 
1225 
936 
1108 
3647 
1154 
2729 
731 
1907 
20 
3657 
2911 
3603 
1156 
2155 
3038 
518 
2556 
2366 
2516 
1502 
813 
1628 
3269 
2255 
4005 
1024 
1437 
983 
3549 
2866 
128 
108 
1368 
2459 
3789 
2849 
1467 
288 
3469 
1461 
1343 
2971 
1760 
3786 
3321 
1848 
3710 
2891 
37 
1012 
2963 
1543 
1906 
1235 
2701 
3039 
1910 
2656 
400 
1636 
822 
1103 
1933 
549 
2489 
1571 
2978 
3750 
1843 
3984 
3308 
2666 
857 
3978 
4087 
1367 
3767 
2111 
1792 
609 
1089 
2526 
585 
2067 
163 
491 
1867 
2282 
3648 
584 
97 
514 
1818 
1031 
2396 
1673 
2020 
855 
1162 
3511 
3467 
1100 
826 
70 
473 
152 
1865 
1022 
2272 
1677 
3206 
2397 
1960 
1966 
2613 
1497 
1138 
1623 
3030 
2697 
2134 
1075 
2029 
3798 
1999 
1564 
2914 
2896 
965 
297 
2745 
112 
3533 
2957 
411 
2352 
1110 
3142 
607 
86 
3858 
2626 
1364 
1413 
1042 
1429 
3366 
4089 
3629 
89 
1059 
935 
1639 
2259 
2302 
2919 
3231 
2767 
1941 
555 
2238 
669 
2702 
3965 
210 
2947 
1937 
2832 
3178 
3060 
3156 
1447 
1457 
3622 
3281 
1679 
2202 
1909 
12 
2686 
521 
2787 
662 
2478 
2026 
777 
2004 
3391 
2476 
3621 
3022 
1913 
3403 
3735 
3731 
3717 
924 
2813 
445 
3859 
2788 
883 
835 
2151 
3298 
3763 
1691 
1658 
317 
615 
2452 
783 
2166 
847 
2031 
1971 
15 
1964 
772 
177 
2519 
706 
2539 
1119 
1509 
4067 
2244 
2966 
3100 
1975 
3150 
2348 
3444 
696 
3883 
3036 
374 
1942 
2009 
3535 
3771 
3285 
1991 
3432 
2910 
408 
94 
2515 
3586 
911 
998 
3745 
1407 
1246 
1174 
3663 
3437 
2425 
506 
1713 
2355 
9 
2124 
2544 
1355 
228 
1958 
268 
1333 
3953 
3904 
313 
1072 
130 
2691 
954 
2999 
2688 
3792 
3532 
1084 
161 
1943 
3221 
803 
1854 
2461 
3125 
3529 
3594 
1394 
3257 
1055 
284 
1797 
1785 
3829 
3990 
1363 
1605 
4095 
3320 
2725 
2172 
1801 
1287 
455 
3671 
2497 
3035 
3725 
512 
1718 
2848 
927 
427 
1962 
1621 
3658 
4029 
1768 
387 
136 
2698 
2576 
724 
3345 
1981 
4047 
2370 
3414 
2176 
1659 
3003 
1081 
3181 
2486 
3784 
1591 
1496 
704 
689 
1326 
3210 
1254 
3675 
3788 
1494 
2145 
3063 
1381 
1353 
3593 
3669 
800 
1864 
2096 
103 
589 
1371 
3435 
294 
421 
169 
1273 
235 
2471 
2853 
2678 
2292 
332 
1430 
1004 
1421 
346 
3369 
3330 
2310 
2529 
2575 
1056 
2426 
1915 
3220 
1664 
2689 
2924 
2606 
3498 
3828 
1708 
78 
2992 
1579 
3024 
710 
1256 
1054 
3236 
1315 
1468 
2044 
309 
2809 
2903 
3280 
1877 
1393 
2430 
2203 
4010 
842 
913 
993 
3425 
2792 
566 
2243 
564 
3810 
1582 
1750 
2797 
1855 
488 
1010 
1008 
643 
762 
524 
1455 
2821 
3499 
2265 
853 
3056 
2078 
2385 
877 
2429 
971 
2983 
2135 
2268 
2649 
3687 
2383 
1846 
1831 
1035 
2970 
2315 
432 
1435 
2019 
1699 
1397 
2297 
3949 
38 
1849 
3009 
31 
3328 
2442 
2757 
2654 
3627 
4020 
1834 
3058 
775 
3400 
1970 
4051 
308 
1248 
713 
3197 
248 
1577 
471 
84 
3666 
2313 
1537 
2677 
290 
162 
3650 
1005 
4048 
1076 
3589 
3528 
1812 
2676 
444 
2406 
2574 
3230 
1195 
3429 
3136 
270 
2270 
504 
35 
3692 
508 
3249 
1977 
3395 
4018 
3939 
1850 
2773 
790 
3484 
1113 
2122 
3804 
492 
2994 
1990 
520 
3489 
3864 
3163 
223 
531 
603 
3357 
3293 
3981 
815 
1989 
712 
1408 
3480 
1578 
2482 
569 
1067 
144 
3214 
1562 
932 
3028 
304 
957 
562 
2165 
149 
338 
3496 
725 
2294 
1188 
3987 
2995 
869 
2915 
1080 
3815 
2173 
3012 
1259 
2141 
2071 
3109 
155 
3008 
3702 
1616 
1678 
3821 
2528 
2499 
300 
1190 
511 
2630 
3169 
509 
1460 
124 
2381 
3229 
1901 
2179 
3322 
2899 
1729 
190 
3314 
1821 
2900 
2558 
1142 
3336 
501 
1514 
2168 
2286 
985 
3093 
2503 
3218 
1064 
2490 
1272 
908 
2568 
3146 
2296 
2675 
1301 
3721 
2138 
2225 
1049 
3475 
541 
242 
3898 
1866 
1521 
1411 
127 
141 
2007 
1799 
88 
2580 
2859 
2962 
232 
3857 
1698 
2928 
333 
1231 
3914 
695 
729 
2132 
1385 
3925 
3343 
1087 
3126 
3597 
870 
866 
3807 
687 
53 
2043 
2846 
337 
530 
583 
2986 
776 
3485 
3173 
2567 
2874 
1588 
3797 
1529 
2710 
736 
3244 
3588 
3398 
2072 
3132 
2332 
1105 
1122 
1858 
3559 
3152 
2064 
881 
990 
1619 
3312 
3686 
3631 
188 
1973 
260 
215 
48 
2653 
266 
3679 
85 
1167 
1070 
2557 
1058 
1574 
3542 
3076 
3102 
2819 
1947 
2829 
329 
3213 
310 
3730 
4056 
3155 
2936 
1372 
1950 
45 
1626 
2211 
3979 
3791 
2650 
213 
369 
2625 
4023 
1120 
1434 
3240 
1208 
852 
1222 
349 
753 
1762 
3052 
2240 
2169 
507 
483 
3443 
3316 
3824 
3770 
3576 
3115 
928 
2319 
3822 
13 
1666 
570 
515 
1249 
540 
3073 
766 
1334 
3584 
238 
2326 
943 
3753 
1377 
307 
3282 
173 
3884 
2707 
3708 
2880 
561 
3713 
3061 
1359 
2435 
3255 
1879 
2444 
3315 
3790 
3513 
1281 
2359 
2842 
2540 
3103 
2368 
2720 
1992 
2447 
1506 
1185 
2153 
3158 
1482 
285 
394 
1309 
682 
2254 
594 
3698 
4066 
320 
441 
3874 
2498 
2683 
316 
1338 
4076 
3636 
3856 
1525 
1649 
2543 
730 
1079 
3591 
142 
840 
418 
2318 
1712 
975 
3992 
281 
3501 
2960 
1546 
121 
3084 
252 
885 
3228 
1476 
102 
1477 
3277 
2719 
3917 
1724 
2094 
3718 
1527 
3177 
3 
1090 
3849 
397 
1416 
3606 
3223 
2443 
2022 
684 
3873 
2990 
3387 
453 
2648 
780 
884 
757 
1097 
3609 
3980 
1695 
876 
2307 
1878 
1566 
1475 
648 
2161 
2705 
3442 
2480 
2836 
2641 
831 
634 
1466 
3297 
1674 
1793 
375 
3841 
2865 
2389 
617 
3078 
3966 
914 
1560 
1997 
578 
2534 
3704 
3431 
2371 
1872 
3147 
909 
2188 
2143 
57 
1392 
1875 
3358 
3292 
3640 
2560 
2875 
1130 
545 
3365 
2160 
3912 
2037 
649 
2448 
3138 
335 
2736 
955 
3728 
3372 
3868 
811 
1754 
4008 
1524 
633 
597 
1284 
3180 
3265 
2378 
143 
3991 
2469 
1704 
2798 
2346 
3133 
2401 
2148 
1891 
2514 
2321 
2632 
3995 
3743 
1896 
4012 
2586 
1765 
2217 
1536 
95 
1111 
3349 
1597 
2274 
779 
2075 
3317 
3122 
3748 
3764 
3543 
2931 
2881 
1332 
690 
2199 
1221 
946 
1650 
602 
3568 
2570 
2902 
1538 
3481 
3922 
529 
3741 
239 
363 
2232 
467 
274 
3813 
3634 
2329 
1214 
3331 
1000 
970 
3749 
664 
1976 
1624 
203 
969 
3998 
1686 
2260 
3553 
265 
2023 
872 
123 
3353 
3538 
1900 
447 
979 
1211 
3527 
2028 
3112 
1711 
1714 
3183 
2748 
2935 
688 
280 
3493 
2867 
476 
56 
1881 
2825 
599 
1027 
3080 
3001 
336 
1424 
1775 
972 
552 
2391 
604 
3191 
691 
3759 
3487 
2989 
362 
3157 
1308 
22 
358 
3090 
892 
3608 
3956 
2083 
2152 
1290 
1816 
1501 
299 
2230 
1555 
2781 
1300 
2494 
2047 
1440 
1463 
2750 
380 
3165 
2752 
3386 
3832 
1330 
2843 
3596 
468 
73 
922 
1585 
3701 
787 
1803 
2204 
3007 
1277 
3205 
538 
4055 
14 
2333 
2581 
960 
967 
677 
1124 
2470 
3670 
1346 
1040 
54 
1481 
3711 
1777 
3951 
653 
2460 
2167 
2664 
505 
2513 
3573 
2565 
3412 
976 
2186 
675 
2409 
4065 
1240 
2665 
2818 
2889 
99 
1474 
2309 
1766 
833 
3733 
759 
2393 
2530 
3455 
3729 
416 
875 
1508 
3476 
2912 
519 
3659 
497 
3248 
798 
1786 
3497 
1595 
1131 
459 
3812 
4026 
1136 
1532 
3583 
1982 
2066 
2374 
2008 
3284 
3610 
2466 
2086 
1236 
3685 
1826 
2158 
1614 
7 
3637 
1723 
32 
1549 
1808 
1764 
1396 
3107 
2546 
698 
59 
3643 
2273 
4038 
2618 
1252 
841 
1935 
934 
2610 
2761 
1889 
1115 
2226 
3306 
2362 
2216 
462 
3422 
379 
2059 
849 
2410 
1732 
156 
2597 
50 
1586 
910 
3772 
1485 
2927 
3691 
3544 
1349 
3110 
341 
4083 
2241 
1365 
893 
4062 
997 
2660 
2423 
3888 
3618 
237 
2130 
2253 
2363 
1510 
3201 
2770 
1952 
3846 
637 
747 
3938 
642 
676 
3570 
1193 
3127 
3053 
2200 
157 
2041 
1165 
3561 
3383 
1911 
572 
3695 
1314 
2615 
3143 
187 
3760 
2993 
2157 
4037 
3630 
4 
407 
420 
931 
3323 
3931 
2325 
2117 
1151 
625 
3199 
2577 
3034 
2481 
1779 
1874 
3946 
2739 
2131 
692 
3844 
647 
3006 
3271 
1835 
1730 
1844 
185 
3515 
3853 
440 
2977 
2758 
2060 
1387 
2039 
2340 
1902 
415 
1594 
4058 
3796 
1490 
1279 
1890 
1026 
262 
2403 
658 
3877 
2338 
1299 
436 
4019 
2213 
2952 
2850 
4009 
2967 
2227 
3405 
996 
2984 
396 
805 
2786 
1251 
83 
2457 
2636 
214 
61 
1169 
1631 
3275 
75 
1550 
1132 
887 
527 
579 
3958 
1404 
3994 
2474 
2049 
90 
2084 
3099 
1192 
1050 
577 
3189 
2140 
1117 
176 
1663 
63 
953 
3278 
1516 
2878 
3341 
486 
1270 
2475 
3088 
2870 
77 
2883 
サイズは16777216  0　tpは16777216
gem5 Simulator System.  https://www.gem5.org
gem5 is copyrighted software; use the --copyright option for details.

gem5 version 23.1.0.0
gem5 compiled Dec 12 2025 23:27:35
gem5 started Jan 19 2026 23:24:50
gem5 executing on archlinux, pid 1579413
command line: /home/kento/Documents/gem5/build/X86/gem5.opt --debug-flags=ExecAll --debug-file=access_trace.log --debug-start=732938000 /home/kento/Documents/gem5/configs/deprecated/example/se.py --fast-forward=661110 --cmd=./exchange2_r_base.firstrun-m64 --options=1 --mem-size=64GB --cpu-type=X86O3CPU --caches --l2cache --l1d_size=32kB --l1i_size=32kB --l2_size=512kB

Switch at instruction count:661110
0 3f8000
1000 1e3a000
2000 2ea2000
3000 3cb5000
4000 43fc000
5000 54f1000
6000 6338000
7000 7820000
8000 8fc4000
9000 95ab000
a000 aaca000
b000 bfa3000
c000 ca3d000
d000 d548000
e000 ecbe000
f000 f9d8000
10000 10142000
11000 1161d000
12000 1254c000
13000 1352d000
14000 14a9c000
15000 15dae000
16000 162bc000
17000 17c45000
18000 1806b000
19000 192d8000
1a000 1a2a7000
1b000 1bba6000
1c000 1cb4a000
1d000 1d556000
1e000 1e821000
1f000 1ff81000
20000 20485000
21000 214ad000
22000 22107000
23000 23d12000
24000 248db000
25000 25b2a000
26000 26f7a000
27000 27411000
28000 28444000
29000 2940a000
2a000 2aa3c000
2b000 2b1e1000
2c000 2c7ce000
2d000 2d339000
2e000 2e199000
2fda0 2f479000
30000 30971000
31000 3131a000
7ffff7fff000 32900000
7ffff8000000 33272000
7ffff8001000 3481c000
7ffff8002000 350d4000
7ffff8003000 36f50000
7ffff8004000 3722c000
7ffff8005000 3870c000
7ffff8006000 39566000
7ffff8007000 3af0f000
7ffff8008000 3b636000
7ffff8009000 3cec6000
7ffff800a000 3d998000
7ffff800b000 3e8f0000
7ffff800c000 3f3f6000
7ffff800d000 404fb000
7ffff800e000 4158c000
7ffff800f000 42926000
7ffff8010000 4345a000
7ffff8011000 444ac000
7ffff8012000 4529b000
7ffff8013000 46b29000
7ffff8014000 475a4000
7ffff8015000 48ebd000
7ffff8016000 497e0000
7ffff8017000 4a31c000
7ffff8018000 4b7f2000
7ffff8019000 4cab7000
7ffff801a000 4d6a5000
7ffff801b000 4e077000
7ffff801c000 4fc2f000
7ffff801d000 50093000
7ffff801e000 51018000
7ffff801f000 52fc2000
7ffff8020000 53cf6000
7ffff8021000 54e4c000
7ffff8022000 556fb000
7ffff8023000 5649d000
7ffff8024000 57970000
7ffff8025000 5850f000
7ffff8026000 59a3f000
7ffff8027000 5ab44000
7ffff8028000 5bab6000
7ffff8029000 5cd7c000
7ffff802a000 5d443000
7ffff802b000 5ea90000
7ffff802c000 5fb69000
7ffff802d000 601a1000
7ffff802e000 61751000
7ffff802f000 62161000
7ffff8030000 63073000
7ffff8031000 64836000
7ffff8032000 6514b000
7ffff8033000 66b89000
7ffff8034000 67a6c000
7ffff8035000 68ae7000
7ffff8036000 6919d000
7ffff8037000 6a1e0000
7ffff8038260 6bf43000
7ffff8039000 6ce60000
7ffff803a000 6df24000
7ffff803b000 6ef91000
7fffffffe000 6fb17000
ffffffffff600000 7084f000
7fffffffd000 71908000
7ffff7fdc000 7228c000
7ffff7fe3000 73e33000
7ffff7fec000 74dcb000
7ffff7fe7000 75092000
7ffff7fef000 76b0e000
7ffff7fe5000 77319000
7ffff7fe4000 787d6000
7ffff7ff9000 795da000
7ffff7ff4000 7a723000
7ffff7ff0000 7bcda000
7ffff7ffa000 7cef6000
7ffff7fee000 7d80e000
7ffff7ff1000 7ec76000
7ffff7ff6000 7ff99000
7ffff7fda000 80b80000
7ffff7fd9000 816a1000
7ffff7fd7000 829db000
7ffff7c64000 83e73000
7ffff7c7e000 84c90000
7ffff7fdf000 85fed000
7ffff7fe1000 86be5000
7ffff7ff2000 87ec5000
7ffff7fe0000 88d6c000
7ffff7ffb000 89630000
7ffff7ff7000 8a6a4000
7ffff7ff5000 8b01d000
7ffff7ff8000 8c13f000
7ffff7c63000 8dd5f000
7ffff7c62000 8ee01000
7ffff7b56000 8f53e000
7ffff7b63000 90d2d000
7ffff7b55000 9110b000
7ffff7b54000 925d7000
7ffff7b29000 93646000
7ffff7b2b000 94b0c000
7ffff7fe6000 95b26000
7ffff7fdb000 960a5000
7ffff7b20000 970da000
7ffff7b1e000 988d7000
7ffff7917000 99f78000
7ffff7937000 9ab5c000
7ffff7939000 9bb3f000
7ffff7c7f000 9cc0d000
7ffff7b2c000 9dcf7000
7ffff7b64000 9e1a9000
7ffff7915000 9ff0b000
7ffff7916000 a009a000
7ffff793a000 a183b000
7ffff7b1b000 a215e000
7ffff7b1c000 a3531000
7ffff7b1d000 a48fb000
7ffff7b1f000 a5a50000
7ffff7938000 a6408000
7ffff792c000 a7c93000
7ffff7935000 a8bc6000
7ffff7b57000 a93df000
7ffff7919000 aafbb000
7ffff791b000 ab57d000
7ffff791c000 ac97f000
7ffff792e000 ad725000
7ffff7930000 aef89000
7ffff792f000 afaa6000
7ffff7918000 b0b61000
7ffff7925000 b155a000
7ffff791a000 b2276000
7ffff7926000 b3087000
7ffff7934000 b4189000
7ffff7922000 b5929000
7ffff792b000 b65b6000
7ffff791f000 b7d7d000
7ffff7923000 b86bd000
7ffff7931000 b9c31000
7ffff7933000 babc9000
7ffff792d000 bb1f2000
7ffff7920000 bc912000
7ffff7921000 bd9dd000
7ffff7936000 be295000
7ffff791d000 bf4e5000
7ffff7932000 c052c000
7ffff791e000 c1bba000
7ffff7927000 c2a65000
7ffff7924000 c3f69000
7ffff7c65000 c4d8f000
7ffff7c66000 c56f2000
7ffff79d7000 c6182000
7ffff7b26000 c7057000
7ffff79c5000 c8840000
7ffff79c3000 c9b7b000
7ffff79d9000 caf87000
7ffff7a3d000 cb099000
7ffff79e7000 cce53000
7ffff79c4000 cdae9000
7ffff79c2000 ce62f000
7ffff79db000 cff56000
7ffff79da000 d0012000
7ffff79c6000 d18e4000
7ffff7b2a000 d2115000
7ffff7b58000 d31ee000
7ffff7928000 d4b86000
7ffff7929000 d51f4000
7ffff7b61000 d6890000
7ffff7b60000 d7950000
7ffff7b62000 d88cc000
7ffff7b5f000 d9125000
7ffff7b5b000 daf5e000
7ffff7b5c000 db6d4000
7ffff7bb5000 dc169000
7ffff7bc7000 dd702000
7ffff7bb4000 de65d000
7ffff7ba9000 df828000
7ffff7bc8000 e0d35000
7ffff7baf000 e1b0a000
7ffff7bb7000 e2968000
7ffff7bb1000 e3c64000
7ffff7ba8000 e41d1000
7ffff7bb3000 e52d6000
7ffff7bb2000 e6c60000
7ffff7bb0000 e7128000
7ffff7bae000 e8ca7000
7ffff7bc5000 e9c7e000
7ffff7bc6000 ea79f000
7ffff7bb6000 eb78e000
7ffff7bc1000 ec474000
7ffff7baa000 edf28000
7ffff7c83000 eebe3000
7ffff7c67000 efd2a000
7ffff7c7d000 f0765000
7ffff7c6b000 f1b9e000
7ffff7c76000 f2651000
7ffff7c7b000 f336e000
7ffff7c7a000 f483d000
7ffff7c72000 f51c8000
7ffff7c6c000 f6d28000
7ffff7c77000 f71a8000
7ffff7b5e000 f8543000
7ffff7c75000 f904c000
7ffff7c70000 fa3ac000
7ffff7c79000 fb02b000
7ffff7c6e000 fca7f000
7ffff7c69000 fdd34000
7ffff7c73000 fe985000
7ffff7c78000 ffc2e000
7ffff7c71000 100158000
7ffff7c6a000 1018e8000
7ffff7b5d000 102065000
7ffff7c6d000 103ab5000
7ffff792a000 10434d000
7ffff7b5a000 105bf8000
7ffff7c6f000 106c88000
7ffff7c74000 10743e000
7ffff7c7c000 108560000
7ffff7c80000 109fd5000
7ffff7b59000 10a498000
7ffff7fd8000 10b907000
7ffff7c68000 10c26b000
7ffff7c81000 10d837000
7ffff7c82000 10e370000
7ffff79ee000 10f43b000
7ffff7a80000 110f64000
7ffff794d000 111b06000
7ffff7b27000 112ac1000
7ffff7b28000 113e11000
7ffff7a26000 11447c000
7ffff7b25000 115ba0000
7ffff79b0000 116327000
7ffff7959000 117d38000
7ffff79aa000 1184c2000
7ffff7b21000 119c63000
7ffff79be000 11a20a000
7ffff7aa6000 11b9cf000
7ffff793e000 11cd85000
7ffff7a31000 11d5c6000
7ffff793b000 11e39d000
7ffff79d6000 11ffe6000
7ffff7b2d000 120e94000
7ffff7b2e000 121de2000
7ffff7b65000 122265000
7ffff7c84000 123a22000
7ffff7c85000 124a47000
7ffff7c86000 125ec7000
7ffff79af000 1263be000
7ffff7c88000 127564000
7ffff7958000 1282be000
7ffff7fb1000 129404000
7ffff79d0000 12a6cc000
7ffff7fab000 12b157000
7ffff7f76000 12c7a1000
7ffff794b000 12dfbf000
7ffff7c87000 12e2a1000
7ffff79bf000 12fad4000
7ffff79bd000 13063f000
7ffff79bc000 13151b000
7ffff79bb000 132578000
7ffff7a2f000 133f41000
32000 1347a7000
7ffff79b9000 1352c1000
7ffff79ca000 136895000
7ffff7f79000 137533000
7ffff7f77000 1387e2000
7ffff7a20000 1391c2000
7ffff7f78000 13a033000
7ffff7fb2000 13b9ed000
7ffff7a9f000 13c90d000
7ffff7f82000 13d01a000
7ffff79b2000 13e383000
33000 13f0dc000
7ffff7957000 140f67000
7ffff7955000 1414ef000
7ffff7c8a000 1425a9000
7ffff7956000 143c44000
7ffff79b4000 144ceb000
7ffff79b3000 1458ec000
7fffffffc000 146ff0000
7fffffffb000 147838000
7fffffffa000 148b8a000
7fffffff9000 1494ca000
7fffffff8000 14ae41000
7fffffff7000 14b2ad000
7fffffff6000 14c467000
7ffff7f83000 14d568000
7ffff7f75000 14ed5d000
7ffff7f6b000 14f605000
7ffff7f74000 15065b000
7ffff7f88000 151c96000
7ffff7f61000 152e1d000
35000 153730000
34000 15419c000
7ffff7f5f000 155123000
7ffff7aae000 1561bb000
7ffff7fb3000 1579a0000
7ffff7f60000 158291000
7ffff7f72000 1599c0000
7ffff794c000 15afca000
7ffff7f73000 15b340000
7ffff7fb4000 15c244000
7ffff7f70000 15d7df000
7ffff7f6d000 15ebc7000
7ffff7f71000 15f468000
7ffff7f6e000 1607d1000
7ffff79ba000 161683000
7ffff7f6c000 1627f1000
7ffff7a24000 1633db000
36000 1648e5000
7ffff79b1000 16583e000
7ffff7ac1000 166168000
37000 167c16000
Switched CPUS @ tick 733987500
switching cpus
**** REAL SIMULATION ****

Puzzle 1
  0  1  0  0  0  0  0  0  2
  3  0  0  0  0  4  0  0  0
  0  0  0  0  5  0  6  0  0
  0  0  0  0  0  3  0  7  0
  0  0  6  0  4  0  5  0  0
  0  2  0  7  0  0  0  0  0
  0  0  5  0  2  0  0  0  0
  0  0  0  8  0  0  0  0  3
  7  0  0  0  0  0  0  4  0
7ffff7997000 168337000
7ffff79a5000 1699cd000
7ffff7a25000 16adfe000
7ffff7f7f000 16b499000
7ffff7f7b000 16cc82000
7ffff7f7a000 16d0cc000
39000 16eeff000
3a000 16fa6d000
38000 17082d000
7ffff79d4000 171ccc000
7ffff79d5000 172d8a000
7ffff7aa0000 1736b4000
7ffff7f5e000 1748f3000
7ffff7a1f000 1754b6000
7ffff7f84000 176b3d000
7ffff7f0e000 177c3e000
7ffff7f0f000 17841d000
7ffff7c8f000 1795d0000
7fffffff5000 17a0f7000
7ffff7e83000 17b1c3000
7ffff7e84000 17c7da000
Exiting @ tick 617712184500 because user interrupt received
